2017768
2017768
2017768
2017768
2017770
2017772
2017774
2017776
2017778
2017780
2017788
2017790
2017792
2017794
2017796
2017798
2017800
2017802
2017804
2017806
2017808
2017810
2017812
2017814
2017816
2017818
2017820
2017822
2017824
2017826
2017828
2017830
2017832
2017834
2017836
2017838
2017846
2017848
2017850
2017852
2017854
2017856
2017858
2017860
2017862
2017864
2017866
2017868
2017870
2017872
2017874
2017876
2017878
2017880
2017882
2017884
2017886
2017888
2017890
2017892
2017894
2017896
2017898
2017900
2017902
2017904
2017906
2017908
2017910
2017912
2017914
2017916
2017922
2017924
2017926
2017928
2017930
2017932
2017934
2017936
2017938
2017940
2017942
2017944
2017946
2017948
2017950
2017952
2017954
2017956
2017958
2017960
2017962
2017964
2017966
2017968
2017970
2017972
2017974
2017976
2017978
2017980
2017982
2017984
2017986
2017988
2017996
2017998
